100 4176
99 4132
98 4123
97 4106
96 4106
95 4097
94 4088
93 4079
92 4071
91 4035
90 4035
89 4018
88 4000
87 3983
86 3965
85 3965
84 3965
83 3947
82 3947
81 3939
80 3930
79 3930
78 3930
77 3921
76 3912
75 3912
74 3912
73 3895
72 3895
71 3895
70 3877
69 3877
68 3877
67 3859
66 3859
65 3842
64 3842
63 3842
62 3824
61 3824
60 3824
59 3824
58 3824
57 3807
56 3807
55 3807
54 3807
53 3789
52 3789
51 3789
50 3789
49 3780
48 3771
47 3771
46 3771
45 3771
44 3771
43 3754
42 3754
41 3754
40 3754
39 3754
38 3754
37 3754
36 3754
35 3736
34 3736
33 3736
32 3736
31 3736
30 3719
29 3719
28 3719
27 3719
26 3701
25 3701
24 3701
23 3701
22 3701
21 3701
20 3683
19 3683
18 3683
17 3683
16 3683
15 3666
14 3666
13 3666
12 3648
11 3648
10 3648
9 3639
8 3631
7 3604
6 3560
5 3525
4 3472
3 3419
2 3331
1 3199
0 3138
